c12: 56.587672 GPa
c11: 152.584213 GPa